0011: 02 17 9C B9 00 08 9C 41 00 02 04 3E 03 00 00 EB CC 					(Lese 9CB9:08), (Sende)  (zähler)3E (cmd)03 (Data) 0000
0015: 02 17 10 3E 00 03 01 00 00 00 00 00 00 00 00 00 00 00 00 74 1B 		Default response
-----------
      00 01 02 03 04 05 06 07 08 09 10 11 12 13 14 15 16 17 18
0015: 02 17 10 70 00 03 01 02 10 00 00 00 00 00 00 00 00 00 00 6C 88 		<- Tor auf pressed
0015: 02 17 10 78 00 03 01 01 10 00 00 00 00 00 00 00 00 00 00 6F 4A 		<- Tor auf released
ORG:                       00 00
0015: 02 17 10 6C 00 03 01 02 20 00 00 00 00 00 00 00 00 00 00 9B 41        <- Tor zu pressed
0015: 02 17 10 78 00 03 01 01 20 00 00 00 00 00 00 00 00 00 00 90 4A 		<- Tor zu released
ORG:                       00 00
0015: 02 17 10 02 00 03 01 02 40 00 00 00 00 00 00 00 00 00 00 C9 0C 		<- Stop pressed
0015: 02 17 10 05 00 03 01 01 40 00 00 00 00 00 00 00 00 00 00 8F 3A		<- Stop released
ORG                        00 00
0015: 02 17 10 48 00 03 01 02 00 40 00 00 00 00 00 00 00 00 00 29 4E 		<- Lüftunsschalter pressed
0015: 02 17 10 4C 00 03 01 01 00 40 00 00 00 00 00 00 00 00 00 2F 89 		<- Lüftunsschalter released 
ORG:                       00    00
0015: 02 17 10 44 00 03 01 02 00 04 00 00 00 00 00 00 00 00 00 6F 4A 		<- 1/2 pressed
0015: 02 17 10 53 00 03 01 01 00 04 00 00 00 00 00 00 00 00 00 24 B0 		<- 1/2 released
ORG                        00    00
0015: 02 17 10 0A 00 03 01 10 00 02 00 00 00 00 00 00 00 00 00 02 F9		<- Lichtschalter pressed
0015: 02 17 10 0D 00 03 01 08 00 02 00 00 00 00 00 00 00 00 00 60 EB 		<- Lichtschalter released
ORG:                       00    00
-----------
0011: 02 17 9C B9 00 02 9C 41 00 02 04 		0F04 1700 	7B 21 				<-  0F zähler, 04 cmd?  data: 1700 (licht an) oder 1701 (licht aus)
0009: 02 17 04  	0F00 	04FD 		0A 72								<- 0F00 zähler, 04FD  04 cmd, FD result?


###################################################################################
# Broadcast Message
###################################################################################      
001B: 00 10 9D 31 00 09 12 65 00 00 00 40 60 00 00 00 00 00 00 00 10 00 01 00 00 5A 1D    	<- Licht startet
001B: 00 10 9D 31 00 09 12 66 00 00 00 40 60 00 00 00 00 00 00 00 14 00 01 00 00 5B 99     	<- Licht an
001B: 00 10 9D 31 00 09 12 3A 00 00 00 40 60 00 00 00 00 00 00 00 04 00 01 00 00 48 18      <- Licht geht aus 
001B: 00 10 9D 31 00 09 12 3D 00 00 00 40 60 00 00 00 00 00 00 00 00 00 01 00 00 08 AD 		<- Licht ist aus
                                                                  00																  															  
------------------	
															  
AA: Zielwert?
BB: Istwert
CC: 0x40 Tor zu,  0x01 Tor öffnet, 0x20 Tor komplett auf, 0x02 Tor schließt, 0x05 1/2 öffnen, 0x80 Teilgeöffnet, 0x00 gestoppt
    0x42(66) kurz beim schließen
	
	
DD: ? Geschwindigkeit / Kraft?

                                 AA BB CC                DD  	
      00 01 02 03 04 05 06 07 08 09 00 01 02 03 04 05 06 07 08 09 00 01 02 03 04 05 06								 
001B: 00 10 9D 31 00 09 12 53 00 00 00 40 60 00 00 00 00 00 00 00 14 00 01 00 00 44 5B 		<- Tor zu
001B: 00 10 9D 31 00 09 12 55 00 C8 00 01 60 00 00 00 00 00 00 00 14 00 01 00 00 B2 05 		<- Tor öffnet komplett
001B: 00 10 9D 31 00 09 12 5B 00 C8 04 01 60 00 00 00 00 0E 00 00 14 00 01 00 00 55 61 
001B: 00 10 9D 31 00 09 12 5D 00 C8 04 01 60 00 00 00 00 0E 00 00 14 00 01 00 00 B5 E8 
001B: 00 10 9D 31 00 09 12 60 00 C8 06 01 60 00 00 00 00 0E 00 00 14 00 01 00 00 AA 49 
001B: 00 10 9D 31 00 09 12 63 00 C8 08 01 60 00 00 00 00 0E 00 00 14 00 01 00 00 D4 09 
001B: 00 10 9D 31 00 09 12 65 00 C8 0A 01 60 00 00 00 00 0E 00 00 14 00 01 00 00 B6 81 
001B: 00 10 9D 31 00 09 12 67 00 C8 0C 01 60 00 00 00 00 0E 00 00 14 00 01 00 00 91 3B 
001B: 00 10 9D 31 00 09 12 68 00 C8 0E 01 60 00 00 00 00 0E 00 00 14 00 01 00 00 20 2D 
001B: 00 10 9D 31 00 09 12 6A 00 C8 10 01 60 00 00 00 00 0E 00 00 14 00 01 00 00 1F 9D 
001B: 00 10 9D 31 00 09 12 6C 00 C8 12 01 60 00 00 00 00 0E 00 00 14 00 01 00 00 7D 15 
..
001B: 00 10 9D 31 00 09 12 2F 00 C8 C6 01 60 00 00 00 00 02 00 00 14 00 01 00 00 4C 8F
001B: 00 10 9D 31 00 09 12 30 00 C8 C8 20 60 00 00 00 00 00 00 00 14 00 01 00 00 55 A1 		<- Tor komplett auf
..
001B: 00 10 9D 31 00 09 12 11 00 00 38 02 60 00 00 00 00 09 00 00 14 00 01 00 00 4A 0D 		<- Tor schließt 
001B: 00 10 9D 31 00 09 12 4F 00 00 16 02 60 00 00 00 00 06 00 00 14 00 01 00 00 D7 AB
001B: 00 10 9D 31 00 09 12 53 00 00 14 02 60 00 00 00 00 06 00 00 14 00 01 00 00 92 3C 
001B: 00 10 9D 31 00 09 12 0A 00 00 00 02 60 00 00 00 00 03 00 00 14 00 01 00 00 84 83
001B: 00 10 9D 31 00 09 12 0B 00 00 00 40 60 00 00 00 00 00 00 00 14 00 01 00 00 D7 28 		<- Tor komplett zu


001B: 00 10 9D 31 00 09 12 30 00 C8 00 05 60 00 00 00 00 00 00 00 14 00 01 00 00 B9 12 		<- 1/2 Öffnung
001B: 00 10 9D 31 00 09 12 59 00 18 18 80 60 00 00 00 00 00 00 00 14 00 01 00 00 B5 41      <- 1/2 Teilgeöffnet
